1.225566406711e+00 2.477895492578e-02
1.229258766858e+00 4.613858723087e-03
1.231298124839e+00 -1.641822143952e-02
1.231565699743e+00 -3.815196233634e-02
1.229961320208e+00 -6.040782571350e-02
1.226405035283e+00 -8.299426680586e-02
1.220838458164e+00 -1.057101202836e-01
1.213225823649e+00 -1.283471311727e-01
1.203554744064e+00 -1.506925962564e-01
1.191836652602e+00 -1.725320799063e-01
1.178106927282e+00 -1.936521672284e-01
1.162424693176e+00 -2.138432168647e-01
1.144872304961e+00 -2.329020757594e-01
1.125554516278e+00 -2.506347186984e-01
1.104597346701e+00 -2.668587764354e-01
1.082146661274e+00 -2.814059177296e-01
1.058366481571e+00 -2.941240526102e-01
1.033437050921e+00 -3.048793266222e-01
1.007552679833e+00 -3.135578786720e-01
9.809194007041e-01 -3.200673383270e-01
9.537524635196e-01 -3.243380420002e-01
9.262737064505e-01 -3.263239513078e-01
8.987088369838e-01 -3.260032609773e-01
8.712846604566e-01 -3.233786879482e-01
8.442262935919e-01 -3.184774376893e-01
8.177544008408e-01 -3.113508481880e-01
7.920824910205e-01 -3.020737165013e-01
7.674143109077e-01 -2.907433171132e-01
7.439413711038e-01 -2.774781255828e-01
7.218406376657e-01 -2.624162650086e-01
7.012724207041e-01 -2.457136966432e-01
6.823784884327e-01 -2.275421794968e-01
6.652804320391e-01 -2.080870269382e-01
6.500783032830e-01 -1.875446910742e-01
6.368495429669e-01 -1.661202080428e-01
6.256482144049e-01 -1.440245392486e-01
6.165045518104e-01 -1.214718449747e-01
6.094248291771e-01 -9.867672771150e-02
6.043915508074e-01 -7.585148292962e-02
6.013639602070e-01 -5.320339488896e-02
6.002788596797e-01 -3.093211442289e-02
6.010517286712e-01 -9.227154470014e-03
6.035781248021e-01 1.173446253304e-02
6.077353476383e-01 3.179037341595e-02
6.133843416374e-01 5.079482978763e-02
6.203718114247e-01 6.862041386837e-02
6.285325196428e-01 8.515949155649e-02
6.376917351216e-01 1.003253833069e-01
6.476677970670e-01 1.140532373299e-01
6.582747593944e-01 1.263005937609e-01
6.693250782564e-01 1.370476327519e-01
6.806323052580e-01 1.462971038292e-01
6.920137488037e-01 1.540739382928e-01
7.032930665100e-01 1.604245508346e-01
7.143027526038e-01 1.654158408715e-01
7.248864857259e-01 1.691339082541e-01
7.349013045343e-01 1.716825019785e-01
7.442195809249e-01 1.731812242304e-01
7.527307635356e-01 1.737635154826e-01
7.603428674236e-01 1.735744494004e-01
7.669836893621e-01 1.727683689428e-01
7.726017320468e-01 1.715063972431e-01
7.771668245773e-01 1.699538585793e-01
7.806704308261e-01 1.682776459852e-01
7.831256416737e-01 1.666435727775e-01
7.845668515075e-01 1.652137454867e-01
7.850491237975e-01 1.641439953681e-01
7.846472549047e-01 1.635814048390e-01
7.834545495013e-01 1.636619638555e-01
7.815813250095e-01 1.645083894192e-01
7.791531662586e-01 1.662281391240e-01
7.763089550529e-01 1.689116469364e-01
7.731987024959e-01 1.726308063005e-01
7.699812146787e-01 1.774377222022e-01
7.668216246813e-01 1.833637500715e-01
7.638888257127e-01 1.904188353964e-01
7.613528416163e-01 1.985911637246e-01
7.593821718547e-01 2.078471263915e-01
7.581411484679e-01 2.181316029072e-01
7.577873423539e-01 2.293685565106e-01
7.584690555532e-01 2.414619350216e-01
7.603229350490e-01 2.542968648569e-01
7.634717419221e-01 2.677411219723e-01
7.680223075629e-01 2.816468596214e-01
7.740637060605e-01 2.958525692188e-01
7.816656689048e-01 3.101852473314e-01
7.908772647841e-01 3.244627389191e-01
8.017258635960e-01 3.384962244712e-01
8.142163998525e-01 3.520928166431e-01
8.283309465129e-01 3.650582304468e-01
8.440286059775e-01 3.771994899862e-01
8.612457205756e-01 3.883276341817e-01
8.798964004519e-01 3.982603839065e-01
8.998733623488e-01 4.068247334479e-01
9.210490684686e-01 4.138594302206e-01
9.432771504278e-01 4.192173081685e-01
9.663940993577e-01 4.227674422804e-01
9.902211995011e-01 4.243970940886e-01
1.014566679266e+00 4.240134208792e-01
1.039228050673e+00 4.215449245817e-01
1.063994605485e+00 4.169426198800e-01
1.088650034159e+00 4.101809049430e-01
1.112975131973e+00 4.012581222628e-01
1.136750555521e+00 3.901968013505e-01
1.159759591985e+00 3.770435794207e-01
1.181790903441e+00 3.618688006250e-01
1.202641208740e+00 3.447657988276e-01
1.222117866354e+00 3.258498732679e-01
1.240041322937e+00 3.052569706941e-01
1.256247394153e+00 2.831420915867e-01
1.270589346634e+00 2.596774419013e-01
1.282939752669e+00 2.350503552566e-01
1.293192092297e+00 2.094610136635e-01
1.301262080997e+00 1.831199976588e-01
1.307088704905e+00 1.562456990573e-01
1.310634949507e+00 1.290616314263e-01
1.311888211987e+00 1.017936747865e-01
1.310860391733e+00 7.466729194805e-02
1.307587657955e+00 4.790475426952e-02
1.302129897779e+00 2.172241449026e-02
1.294569852590e+00 -3.671936372237e-03
1.285011954676e+00 -2.808159223922e-02
1.273580880333e+00 -5.132330114531e-02
1.260419839490e+00 -7.322944835091e-02
1.245688625526e+00 -9.365002395058e-02
1.229561452231e+00 -1.124543485206e-01
1.212224607775e+00 -1.295325336976e-01
1.193873958052e+00 -1.447966582497e-01
1.174712333816e+00 -1.581816441347e-01
1.154946837587e+00 -1.696458211912e-01
1.134786107396e+00 -1.791711734110e-01
1.114437574983e+00 -1.867632641425e-01
1.094104756123e+00 -1.924508420088e-01
1.073984610248e+00 -1.962851337343e-01
1.054265005567e+00 -1.983388343938e-01
1.035122324358e+00 -1.987048097731e-01
1.016719241164e+00 -1.974945294975e-01
9.992027041661e-01 -1.948362532927e-01
9.827021471821e-01 -1.908729961427e-01
9.673279564978e-01 -1.857603011428e-01
9.531702131881e-01 -1.796638514872e-01
9.402977277337e-01 -1.727569552305e-01
9.287573796637e-01 -1.652179381936e-01
9.185737707028e-01 -1.572274816292e-01
9.097491955333e-01 -1.489659419911e-01
9.022639298596e-01 -1.406106903697e-01
8.960768310449e-01 -1.323335088449e-01
8.911262422385e-01 -1.242980801850e-01
8.873311866937e-01 -1.166576059885e-01
8.845928349339e-01 -1.095525865497e-01
8.827962236371e-01 -1.031087934454e-01
8.818122016034e-01 -9.743546313459e-02
8.814995750196e-01 -9.262373675691e-02
8.817074214625e-01 -8.874536786482e-02
8.822775397394e-01 -8.585171607090e-02
8.830470007824e-01 -8.397304058799e-02
8.838507634067e-01 -8.311810344300e-02
8.845243178489e-01 -8.327408781314e-02
8.849063196200e-01 -8.440683252462e-02
8.848411763440e-01 -8.646137933237e-02
8.841815509159e-01 -8.936282522386e-02
8.827907454792e-01 -9.301746772334e-02
8.805449323886e-01 -9.731422707267e-02
8.773352004539e-01 -1.021263252894e-01
8.730693873415e-01 -1.073131985045e-01
8.676736719854e-01 -1.127226157123e-01
8.610939042084e-01 -1.181929741688e-01
8.532966524153e-01 -1.235557391901e-01
8.442699541491e-01 -1.286379940696e-01
8.340237584453e-01 -1.332650642711e-01
8.225900532130e-01 -1.372631789967e-01
8.100226752683e-01 -1.404621326783e-01
7.963968050675e-01 -1.426979089150e-01
7.818081525905e-01 -1.438152298712e-01
7.663718451352e-01 -1.436699951594e-01
7.502210319470e-01 -1.421315757357e-01
7.335052245649e-01 -1.390849303275e-01
7.163883954638e-01 -1.344325143478e-01
6.990468609576e-01 -1.280959541112e-01
6.816669773515e-01 -1.200174623974e-01
6.644426819602e-01 -1.101609749835e-01
6.475729127933e-01 -9.851299161400e-02
6.312589424299e-01 -8.508310896644e-02
6.157016628324e-01 -6.990423742656e-02
6.010988585661e-01 -5.303249786263e-02
5.876425060933e-01 -3.454679901685e-02
5.755161364873e-01 -1.454810055368e-02
5.648922980704e-01 6.841628840336e-03
5.559301541366e-01 2.948074468543e-02
5.487732490854e-01 5.320953360711e-02
5.435474739981e-01 7.785207244935e-02
5.403592599617e-01 1.032183146471e-01
5.392940243288e-01 1.291063757465e-01
5.404148916331e-01 1.553049871919e-01
5.437617071113e-01 1.815960851584e-01
5.493503567633e-01 2.077574993224e-01
5.571724036709e-01 2.335657050661e-01
5.671950459471e-01 2.587986017172e-01
5.793613972650e-01 2.832382790457e-01
5.935910864784e-01 3.066737343869e-01
6.097811684579e-01 3.289035034219e-01
6.278073339817e-01 3.497381688222e-01
6.475254024115e-01 3.690027126373e-01
6.687730769889e-01 3.865386804416e-01
6.913719389812e-01 4.022061278450e-01
7.151296536195e-01 4.158853229571e-01
7.398423578651e-01 4.274781817514e-01
7.652971975432e-01 4.369094169478e-01
7.912749793378e-01 4.441273849727e-01
8.175529015704e-01 4.491046197067e-01
8.439073266153e-01 4.518380460427e-01
8.701165572463e-01 4.523488706764e-01
8.959635791705e-01 4.506821519942e-01
9.212387324933e-01 4.469060553353e-01
9.457422758544e-01 4.411108042266e-01
9.692868084782e-01 4.334073423719e-01
9.916995173587e-01 4.239257251422e-01
1.012824219236e+00 4.128132630303e-01
1.032523169871e+00 4.002324429297e-01
1.050678616349e+00 3.863586561394e-01
1.067194071734e+00 3.713777646373e-01
1.081995295197e+00 3.554835393643e-01
1.095030964888e+00 3.388750060007e-01
1.106273035018e+00 3.217537349542e-01
1.115716773028e+00 3.043211130174e-01
1.123380477140e+00 2.867756343653e-01
1.129304879007e+00 2.693102482572e-01
1.133552240531e+00 2.521097999823e-01
1.136205158151e+00 2.353486002603e-01
1.137365091946e+00 2.191881564869e-01
1.137150640692e+00 2.037750969371e-01
1.135695587524e+00 1.892393163267e-01
1.133146743999e+00 1.756923680305e-01
1.129661623154e+00 1.632261248001e-01
1.125405974491e+00 1.519117260726e-01
1.120551215689e+00 1.417988259525e-01
1.115271797302e+00 1.329151517557e-01
1.109742537545e+00 1.252663786635e-01
1.104135964698e+00 1.188363216305e-01
1.098619704511e+00 1.135874412610e-01
1.093353949328e+00 1.094616559934e-01
1.088489044502e+00 1.063814486606e-01
1.084163225999e+00 1.042512513928e-01
1.080500540970e+00 1.029590889476e-01
1.077608980485e+00 1.023784569542e-01
1.075578850665e+00 1.023704082808e-01
1.074481405095e+00 1.027858178372e-01
1.074367757736e+00 1.034677936346e-01
1.075268091642e+00 1.042541998865e-01
1.077191174638e+00 1.049802563715e-01
1.080124188835e+00 1.054811772119e-01
1.084032876437e+00 1.055948116710e-01
1.088861999918e+00 1.051642495386e-01
1.094536110203e+00 1.040403541617e-01
1.100960612208e+00 1.020841871829e-01
1.108023112921e+00 9.916929054632e-02
1.115595033252e+00 9.518379331888e-02
1.123533461172e+00 9.003231330269e-02
1.131683220310e+00 8.363762626986e-02
1.139879125105e+00 7.594207887946e-02
1.147948391031e+00 6.690872490079e-02
1.155713166191e+00 5.652216821523e-02
1.162993148873e+00 4.478910014826e-02
1.169608254439e+00 3.173852293641e-02
1.175381294181e+00 1.742165550294e-02
1.180140628590e+00 1.911522139472e-03
1.183722757798e+00 -1.469777089235e-02
1.185974812809e+00 -3.229206147620e-02
1.186756912447e+00 -5.073844688958e-02
1.185944352812e+00 -6.988687056804e-02
1.183429598308e+00 -8.957195897661e-02
1.179124046046e+00 -1.096150836841e-01
1.172959538518e+00 -1.298266205846e-01
1.164889602930e+00 -1.500083754466e-01
1.154890399328e+00 -1.699561426318e-01
1.142961363672e+00 -1.894623619477e-01
1.129125536228e+00 -2.083188372010e-01
1.113429569985e+00 -2.263194791330e-01
1.095943418224e+00 -2.432630350382e-01
1.076759704798e+00 -2.589557675215e-01
1.055992785079e+00 -2.732140455124e-01
1.033777509787e+00 -2.858668118364e-01
1.010267708029e+00 -2.967578933137e-01
9.856344097870e-01 -3.057481215037e-01
9.600638316538e-01 -3.127172347948e-01
9.337551529351e-01 -3.175655355348e-01
9.069181121188e-01 -3.202152792517e-01
8.797704562093e-01 -3.206117766900e-01
